7680452090328
7680554950049
7680554950100
7680268210613
7680268210293
7680429330235
7680429330150
7680429330310
7680616820013
7680616820020
7680518530263
7680518530256
7680432320292
7680432320100
7680600590014
7680600580015
7680612360018
7680622730016
7680622730023
7680622740015
7680622740022
7680346620105
7680589800036
7680589800043
7680379080297
7680300030131
7680096340100
7680096340292
7680338480137
7680138810653
7680138810738
7680549450196
7680570360051
7680473380187
7680363270147
7680278150305
7680552780075
7680558870022
7680558870046
7680558870060
7680587660045
7680587660052
7680587660069
7680336040258
7680251640243
7680251640168
7680545030620
7680545030637
7680545030644
7680545030606
7680545030613
7680545040209
7680545040124
7680342840323
7680466080384
7680466080469
7680390360101
7680390360293
7680484490189
7680454660208
7680452580256
7680540360197
7680541550184
7680309450268
7680457920132
7680399970103
7680154400159
7680154400234
7680154400319
7680488010130
7680488010215
7680531210128
7680531210227
7680500000286
7680557010023
7680557010047
7680632000024
7680118790555
7680118790470
7680557550642
7680557550628
7680441650151
7680322090175
7680561130021
7680551550020
7680551550044
7680551550051
7680632090018
7680632090025
7680632090032
7680580260013
7680399010229
7680603400013
7680161790434
7680161790519
7680489310147
7680629980018
7680628240014
7680386580544
7680572250022
7680572250046
7680573320144
7680573320151
7680624280014
7680624280021
7680140670191
7680398280661
7680102860424
7680381490329
7680331600464
7680123370278
7680190350180
7680500180247
7680631430013
7680631430020
7680631430037
7680631440012
7680631440029
7680631440036
7680426690325
7680501740181
7680501740341
7680501740266
7680307740279
7680443480121
7680443480206
7680534340105
7680534340297
7680618670012
7680618670029
7680618670036
7680618680011
7680618680028
7680618680035
7680575590019
7680575590026
7680575590033
7680582680048
7680582680055
7680582680062
7680478790196
7680478790271
7680586970015
7680587000018
7680480880663
7680480880748
7680480880823
7680331860615
7680331861186
7680331860882
7680331860967
7680233900358
7680233910586
7680568930020
7680575070047
7680328941235
7680328940894
7680566960012
7680503530360
7680503530285
7680503530445
7680454220624
7680454220464
7680454220549
7680561250033
7680456040718
7680456040633
7680386600129
7680386600204
7680500680211
7680249570217
7680554570216
7680625310017
7680569600113
7680569600137
7680269240145
7680349160479
7680349160394
7680605680017
7680605680024
7680605680031
7680621500016
7680616550019
7680616550026
7680616560018
7680616560025
7680101670031
7680101670017
7680101670291
7680101670024
7680101670307
7680424610165
7680581520017
7680581520024
7680581520031
7680583210015
7680583210022
7680583210039
7680485230210
7680485230135
7680560390082
7680560390020
7680560390068
7680583230013
7680583230020
7680583230037
7680583280018
7680583280025
7680583280032
7680567220016
7680567220030
7680588670012
7680588670029
7680584920036
7680584920043
7680542690995
7680542690728
7680542690803
7680542690889
7680548650153
7680484860104
7680523210020
7680523210013
7680396300361
7680396300286
7680406040508
7680406040492
7680391790242
7680391790167
7680425930361
7680425930286
7680277940174
7680277940259
7680496210355
7680511930169
7680511930244
7680554910227
7680192150405
7680471040175
7680471040250
7680471040335
7680579630018
7680579630025
7680579630032
7680579620019
7680579620026
7680579620033
7680495330122
7680533940191
7680533940276
7680533940351
7680451740262
7680328991049
7680328990721
7680328991032
7680372990234
7680575620037
7680575620044
7680403770187
7680403770262
7680398040524
7680612980018
7680612980025
7680527850499
7680626880014
7680462050220
7680437700129
7680437700204
7680462140136
7680561970245
7680571530064
7680571530026
7680571530040
7680594920019
7680594920026
7680594920033
7680324750190
7680192460276
7680497980325
7680103790171
7680234200310
7680211090101
7680211090378
7680211090538
7680613370016
7680613370023
7680578910029
7680440360297
7680540320139
7680540330282
7680471400139
7680600230019
7680600230026
7680600230033
7680600370012
7680600370029
7680600370036
7680340540379
7680480200119
7680089110451
7680089110536
7680582100010
7680582100027
7680555310255
7680555310231
7680613340019
7680613340026
7680613340033
7680274810869
7680274810432
7680274811163
7680105740990
7680274811248
7680545510207
7680438330493
7680438330578
7680438330653
7680623010018
7680623020017
7680468630129
7680458940108
7680468590225
7680468610275
7680550970027
7680576750016
7680574190029
7680574190043
7680574190067
7680533400169
7680533400244
7680533400329
7680497810165
7680497810240
7680497810325
7680574790021
7680551120254
7680551120032
7680384110125
7680384110200
7680384540137
7680384540212
7680298690607
7680153220475
7680105670419
7680105670686
7680105670174
7680492250164
7680492250249
7680569230020
7680569230044
7680548770134
7680548770219
7680548770486
7680481130286
7680481130361
7680481130446
7680546480141
7680546480226
7680554410024
7680554410048
7680529960158
7680333320346
7680263390570
7680574180013
7680574180037
7680574180051
7680245860220
7680245860145
7680202660825
7680202660740
7680409470197
7680576250028
7680576220014
7680626540017
7680576180011
7680496880275
7680496880282
7680405802930
7680405802916
7680405802992
7680405802978
7680532080386
7680532080379
7680581750025
7680581750049
7680581750070
7680553720131
7680553720124
7680405801315
7680405800189
7680405801582
7680405800264
7680405803104
7680405803111
7680405803098
7680405803142
7680405803135
7680625660013
7680505820230
7680505820155
7680505820582
7680505820315
7680505820742
7680505820667
7680540642842
7680540643061
7680540643047
7680540643054
7680540643023
7680540642170
7680540642255
7680540643085
7680540643092
7680540641876
7680540642415
7680555330130
7680555330048
7680555330062
7680555330109
7680555330123
7680445900191
7680628760017
7680560380014
7680560380038
7680450240169
7680450240244
7680450240329
7680623630018
7680576590025
7680509970146
7680429890531
7680358720862
7680482580189
7680482580264
7680420600115
7680420720288
7680399710112
7680387000225
7680387000140
7680323330362
7680550410066
7680512260463
7680512260548
7680396200739
7680396201118
7680560700034
7680560800413
7680340400451
7680466990171
7680372600379
7680372600454
7680535320120
7680535320397
7680584280017
7680563730335
7680566870120
7680549671126
7680279360406
7680279360321
7680529120323
7680551110521
7680554130229
7680380340731
7680380340656
7680545760138
7680478870119
7680389890145
7680319590473
7680319590398
7680563210158
7680251211412
7680251211429
7680251211405
7680380760270
7680380770231
7680543220115
7680543220382
7680542850276
7680130830963
7680107000276
7680588580014
7680588580021
7680588580038
7680117450160
7680546580537
7680546580544
7680546580445
7680546580520
7680546590246
7680482490273
7680482490198
7680482490785
7680482490518
7680551810049
7680551810087
7680532150171
7680532150256
7680545520251
7680585580031
7680510670370
7680168630764
7680168630689
7680494360175
7680107870176
7680629340010
7680629340027
7680629340034
7680620740017
7680549410138
7680549410725
7680549410213
7680549410565
7680549480186
7680586900012
7680416750121
7680584880019
7680416790189
7680369900314
7680594190016
7680445360568
7680444840139
7680546970154
7680518510135
7680300370305
7680585230042
7680584430030
7680584400019
7680584410018
7680628980019
7680628980026
7680628980033
7680628990018
7680628990025
7680628990032
7680572880038
7680572880212
7680547490590
7680547490606
7680566980010
7680566980232
7680566980416
7680566980034
7680566980218
7680566980454
7680566990095
7680566990316
7680629000013
7680629000020
7680629000037
7680179810483
7680179810568
7680262930302
7680262930494
7680538530137
7680405120393
7680491530151
7680205500241
7680205500258
7680351570181
7680623330017
7680623330024
7680623330031
7680476200239
7680476410201
7680556580022
7680579520012
7680342130387
7680342130110
7680505860144
7680533880206
7680533880367
7680591650018
7680591650025
7680591650032
7680326920447
7680484310012
7680484310029
7680583360017
7680247490388
7680479510113
7680351550237
7680170350292
7680090920681
7680542820361
7680542820446
7680343020144
7680392850105
7680488390102
7680552940011
7680552940035
7680552940059
7680574670026
7680574670040
7680574670064
7680579460011
7680579460028
7680579460035
7680600660014
7680600660021
7680600660038
7680600730014
7680600730021
7680600730038
7680465810326
7680094420507
7680094420514
7680613550012
7680613550029
7680152190687
7680152190762
